96
336 633
272 614
231 599
190 566
165 510
152 482
104 416
92 332
165 336
192 308
230 300
266 303
292 320
350 320
383 302
412 293
450 292
481 312
514 341
534 389
509 462
498 515
478 556
449 584
417 606
385 624
395 509
368 522
340 527
315 526
293 521
269 510
300 495
339 493
368 496
326 347
329 372
332 398
330 427
288 452
315 454
341 455
369 454
209 356
234 342
266 340
282 354
262 368
231 366
372 354
394 336
424 338
447 350
423 362
399 363
0 691
719 737
94 289
91 248
89 203
98 161
132 118
178 78
252 39
410 58
467 89
506 126
531 171
547 233
534 309
298 746
279 791
257 841
229 913
326 926
305 847
328 774
235 772
32 678
66 665
104 654
156 617
506 598
540 637
586 674
647 699
154 693
139 763
126 840
118 915
393 936
414 882
431 827
453 756
473 695
487 633