96
341 650
287 636
250 600
216 563
197 500
190 460
162 400
158 336
194 326
221 316
242 317
270 318
296 328
354 329
380 319
411 314
444 309
478 324
525 354
565 398
518 456
515 501
495 553
468 582
445 609
401 636
413 510
390 538
360 552
317 556
291 544
266 512
303 499
342 499
380 498
329 356
327 387
323 415
322 444
286 460
309 474
341 473
369 461
223 356
248 339
281 343
299 357
275 367
245 366
372 356
396 337
425 341
447 352
422 361
394 364
0 780
719 713
151 298
145 253
144 197
162 137
203 84
248 45
307 14
454 18
514 57
555 108
580 166
585 236
577 276
335 748
325 795
297 854
265 913
365 922
349 859
383 814
279 796
44 746
102 722
162 693
223 648
563 593
601 628
633 662
680 692
215 712
184 775
176 842
174 920
450 936
466 887
484 836
505 771
523 710
547 651